$ANSIBLE_VAULT;1.1;AES256
34613333353231363234663932663166326261346564356231653637666236333463316165353332
6338356438656437363437313865316561623133663964630a363331343931613865313932303366
65346138663466656530373836663330636137313063646364613331663361336538323632653265
6465316631333737650a316630623964363562623563373331623361363638653131376533616538
35633631323538633335653735386234336138666362616633626630373735373964376365366235
62646630663061633135633630656562653533313865636639326564666230376562666266646261
65313931633137306532633065356566326634383464393163356665656133386536383866326335
34653635346564626533613637373337653533396532616139346266633731633162386564303564
62646566383062313632343939653331396234376434326562396161343236613332323664323565
61663061356332396566616263376533323830306433353031616539363634326665303237633264
61376535303765613465363061376137356162383164376163346330323438663966646638333934
61613832626237616437333534633336333432346137343835613337366335613031663330373232
66613162663931333637623837343237393565656538356536373237653662616334313661646461
61396238383138376235636465643934633730376465306433376232336538376434653739616265
33316638623136333639633733613738343262313834643937363966313431333435656364303937
38356661613039356139386565393834363063663934353331363034313133363235306137613536
39396437323464343636613765633932333764323738303033313332393531623961363461313166
38346162373234656636653535666562306237666531366532323866306534623236333138646163
39653166653466393131646634336132393661343836663235303733386564303335313462633939
65303639643864636438643037656263306666353331633337356639323061653535613165363830
30626239383063663738626136656130623231653135313531646561386262343563353839633835
33306334383938656537333464333033366435666439666534303264643431396332356333663338
38353266343436323364653633306263643864643834623464393464613238623964656437393030
36356230363338333833
