$ANSIBLE_VAULT;1.1;AES256
32343431396132386533613338636536643665313562316563353665316336646133643231363337
3931613061336531653537366632383137633233666664390a353763396534626135363163653063
37613136393338363237363836363636623131346435366135333030646661616238623130326239
3962623261663436320a363933646364326330323734313065306333653731653865643464313462
65346336393063623038646261373537663131336666343232336439616161666630663633303335
64653538376536363361636662613533643239366363653436663862353566323939333061636435
39633366323534396235383635396466643566363662653762366433306633346534386165393839
38613436663630663062303962393061336430633161633466613565613064303536363637353032
32616562663730663038616335373137303834346330306538663936623864326264656261373261
30376131656164616331303935623961323436643934646161316236353730663266323665613636
64306335373762303536303039613465646437666466666361653239373366653464363662643064
34643830366433633662306261366661396534653234633565653132363864653837376536313834
39356334623965386162643166616661646634616365383935333936336363633338633166386338
31653063636562643037313866323538663335393066623061326235616366613933363963326165
32666539373137353465613838393465346536366538353835643264626263626366376363393633
39346530363962306138383239393063313435316235373666313532366432643531303763313433
30653236633039613561316463366538376162383262366563646661663265313230616337666564
31653333636134613565613166306661303838633734333539343031333836393566613837613561
63346363376538393464363965393138643938393861326335356138306531313231643936303565
30303836366233376265343539356435643364323466613237656535636635353430326662306561
36656565386463306163373866626330333333646432653133336661303038653966636366656461
32366539343966656266306232633765613864363864373737373833613935653365356239373930
37616134643761343637346538393138393736303436383264303364303061353963646566656533
63336339383437373932
